100
100
6666666666666666666666666666666666666666666666666666666666666666666666666666666666666666666666666666
6              6                                                         !                         6
6              6                                                         !                         6
6              6                                                         !                         6
6   !          6                                                         !                         6
6    66666666666                                                         !                         6
6              !                                                         !                         6
6              !                                                         !   !                     6
66             !                                                         !    6666666666666666666666
6              !                                                         !    6666666666666666666666
6              !                                                         !                        66
66             !                                                         !                        66
6              !                                                     !!!! 333366666666666         66
6              !                                                    !         666666666666        66
66             !                                                   !          6666666666666       66
6              !                                                  22          66666666666666      66
6              !                                                 2            666666666666666     66
66             !                                                2             6666666666666666    66
6              !                                               2              6              66   66
6               !!!!!!!!!55!!!!!!!!!!!!!!!!!!!!!!!!!!!!!!!!!555               6                   66
66                       55                                 55                                    66
6                        55                                 55               !                    66
6                        55                    !            55            33336666666666666666666666
66                       5555555555555555555555        55555555555            6666666666666666666666
6                        55555555555555555555        555555555                6666666666666666666666
6                        555555555555555555        55555555555                6666666666666666666666
66                       5555555555555555        5555555555555                6666666666666666666666
6                        55555555555555        555555555555555                6666666666666666666666
6                        555555555555        55555555555555555                6666666666666666666666
66                       5555555555        5555555555555555555                6666666666666666666666
6                        55555555        555555555555555555555                6666666666666666666666
6                        5555          55555555555555555555555            33336666666666666666666666
66                       55          5555555555555555555555555                6666666666666666666666
6                        55        555555555555555555555555555                6666666666666666666666
6                        55      55555555555555555555555555555                6666666666666666666666
66                       55    5555555555555555555555555555555                                   666
6                        55        555555555555555555555555555                                   666
6                        55  !       5555555555555555555555555                                   666
66                       5555          55555555555555555555555                                   666
6                        555555          555555555555555555555               !                   666
6                        55555555          5555555555555555555            33336666666666666666666666
66                       5555555555          55555555555555555                6666666666666666666666
6                        555555555555          555555555555555                6666666666666666666666
6                        55555555555555          5555555555555                6666666666666666666666
66                       5555555555555555          55555555555                6666666666666666666666
6                        555555555555555555          555555555                6666666666666666666666
6                        55555555555555555555          5555555                6666666666666666666666
66                       5555555555555555555555          55555                6666666666666666666666
6                        555555555555555555555555            5                6666666666666666666666
6                        55555555555555555555555555          5            33336666666666666666666666
66                       5555555555555555555555555555        5                6666666666666666666666
6                        555555555555555555555555555555      5                6666666666666666666666
6                        55555555555555555555555555555555    5                6666666666666666666666
66                       5                                   5                                   666
6                        5                                                                       666
6                        !                                                                       666
66                       !                                  55                                   666
6                66    66666666666666666666666666666666666666666             !                   666
6                66                                           66          33336666666666666666666666
66               66                                           66              6666666666666666666666
6                66666666666666666666666666666666666666666    66              6666666666666666666666
6                6666666666666         66666666666       !    66              6666666666666666666666
66               66         66         6666666         !    6666              6666666666666666666666
6                66                                  !    666666              6666666666666666666666
6                66                                     66666666              6666666666666666666666
66               66                   !               6666666666              6666666666666666666666
6                66    666666622    2226666666666666666666666666              6666666666666666666666
6                66      66666         6666666666666666666666666          33336666666666666666666666
66               66        666         66                     66              6666666666666666666666
6                6666                                         66              6666666666666666666666
6                666666                                       66              6666666666666666666666
66               66666666             !                   !   66                                 666
6                66666666666663333333336666666666666666666    66                                 666
6                6666666666666         66666666               66                                 666
66               6666666666666         66                     66                                 666
6                66                   !                     6666             !                   666
6                66                   !                   666666          33336666666666666666666666
66               66                   !                 66666666              6666666666666666666666
6                66    66666664444444446666666666666666666666666              6666666666666666666666
6                66       6666         6666666666666666666666666              6666666666666666666666
66               66                                                           6666666666666666666666
6                6666                                                         6666666666666666666666
6                666666            !                      !                   6666666666666666666666
66               666666666666622    2226666666666666666666    664444          6666666666666666666666
6                6666666666666         666666666666666        66              6666666666666666666666
6                66                                         6666          33336666666666666666666666
66               66                                       666666              6666666666666666666666
6                66               !                     66666666              6666666666666666666666
6                66   66666666222  22226666666666666666666666666              6666666666666666666666
66               66   66666666         6666666666666666666666666                                 666
6                66                                                                              666
6                66                                     !       !                                666
66               6666666666666  !   !  6666666666        66666664444                             666
6                6666666666666   222   66              666666666             !                   666
6                6666666666666         66            66666666666          33336666666666666666666666
66               6666666666666         66          6666666666666              6666666666666666666666
6                6666666666666         66        666666666666666              6666666666666666666666
6                                                                             6666666666666666666666
66                                                                            6666666666666666666666
6666666666666666666666666666666666666666666666666666666666666666666666666666666666666666666666666666
Player 1 8 Right
ItemEnemy 2 12 Left Rocket
ItemEnemy 2 13 Left Rocket
ItemEnemy 6 88 Left Health
ItemEnemy 6 90 Left Machinegun
ItemEnemy 6 95 Left Machinegun
Byaa 8 30 Right
Baaka 19 87 Right
House 20 80 Right
Kyoro 20 88 Right
House 38 80 Right
Kyoro 38 88 Right
ItemEnemy 38 90 Left Health
House 56 80 Right
Kyoro 56 88 Right
ItemEnemy 56 90 Left Health
House 74 80 Right
Kyoro 74 88 Right
ItemEnemy 74 90 Left Rocket
House 92 80 Right
Kyoro 92 88 Right
ItemEnemy 92 90 Left Health
House 21 30 Right
House 36 28 Right
Kyoro 55 34 Right
Kyoro 55 54 Right
Kyoro 61 58 Right
Kyoro 62 56 Right
Kyoro 63 54 Right
Kyoro 70 42 Right
House 70 57 Right
Babo 79 45 Right
Kyoro 81 44 Right
Kyoro 86 50 Right
House 91 35 Right
Kyoro 90 60 Right
ExitDoor 6 94
